# trailing_ones x total_coeff x nC_idx
4 17 6
1 11 1111 000011 01 1
000101 001011 001111 000000 000111 0001111 
00000111 000111 001011 000100 000100 0001110 
000000111 0000111 001000 001000 000011 000000111 
0000000111 00000111 0001111 001100 000010 000000110 
00000000111 00000100 0001011 010000 - 0000000111 
0000000001111 000000111 0001001 010100 - 00000000111 
0000000001011 00000001111 0001000 011000 - 000000000111 
0000000001000 00000001011 00001111 011100 - 0000000000111 
00000000001111 000000001111 00001011 100000 - - 
00000000001011 000000001011 000001111 100100 - - 
000000000001111 000000001000 000001011 101000 - - 
000000000001011 0000000001111 000001000 101100 - - 
0000000000001111 0000000001011 0000001101 110000 - - 
0000000000001011 0000000000111 0000001001 110100 - - 
0000000000000111 00000000001001 0000000101 111000 - - 
0000000000000100 00000000000111 0000000001 111100 - - 
- - - - - - 
01 10 1110 000001 1 01 
000100 00111 01111 000101 000110 0001101 
00000110 001010 01100 001001 0000011 0001100 
000000110 000110 01010 001101 00000011 000000101 
0000000110 0000110 01000 010001 - 0000000110 
00000000110 00000110 001110 010101 - 00000000110 
0000000001110 000000110 001010 011001 - 000000000110 
0000000001010 00000001110 0001110 011101 - 000000000101 
00000000001110 00000001010 00001110 100001 - - 
00000000001010 000000001110 00001010 100101 - - 
000000000001110 000000001010 000001110 101001 - - 
000000000001010 0000000001110 000001010 101101 - - 
000000000000001 0000000001010 000000111 110001 - - 
0000000000001110 00000000001011 0000001100 110101 - - 
0000000000001010 00000000001000 0000001000 111001 - - 
0000000000000110 00000000000110 0000000100 111101 - - 
- - - - - - 
- - - - - - 
001 011 1101 000110 001 001 
0000101 001001 01110 001010 0000010 0001011 
00000101 000101 01011 001110 00000010 0001010 
000000101 0000101 01001 010010 - 000000100 
0000000101 00000101 001101 010110 - 0000000101 
00000000101 000000101 001001 011010 - 00000000101 
0000000001101 00000001101 0001101 011110 - 000000000100 
0000000001001 00000001001 0001010 100010 - - 
00000000001101 000000001101 00001101 100110 - - 
00000000001001 000000001001 00001001 101010 - - 
000000000001101 0000000001101 000001101 101110 - - 
000000000001001 0000000001001 000001001 110010 - - 
0000000000001101 0000000000110 0000001011 110110 - - 
0000000000001001 00000000001010 0000000111 111010 - - 
0000000000000101 00000000000101 0000000011 111110 - - 
- - - - - - 
- - - - - - 
- - - - - - 
00011 0101 1100 001011 000101 00001 
000011 0100 1011 001111 0000000 000001 
0000100 00110 1010 010011 - 0001001 
00000100 001000 1001 010111 - 0001000 
000000100 000100 1000 011011 - 0000000100 
0000000100 0000100 01101 011111 - 00000000100 
00000000100 000000100 001100 100011 - - 
0000000001100 00000001100 0001100 100111 - - 
00000000001100 00000001000 00001100 101011 - - 
00000000001000 000000001100 00001000 101111 - - 
000000000001100 0000000001100 000001100 110011 - - 
000000000001000 0000000001000 0000001010 110111 - - 
0000000000001100 0000000000001 0000000110 111011 - - 
0000000000001000 00000000000100 0000000010 111111 - - 
